Date,Open,High,Low,Close,Volume,Change
2022-01-03,44289,44539,43728,44352,346349,0.0013998645292390144
2022-01-04,44227,44788,44227,44477,286405,0.0028183621933621783
2022-01-05,43977,44726,43291,43666,525687,-0.018234143489893606
2022-01-06,43291,43728,42605,42730,471653,-0.021435441762469698
2022-01-07,42605,46036,42543,45662,909035,0.06861689679382166
2022-01-10,46535,48406,46410,47721,2470077,0.04509219920283836
2022-01-11,47408,47533,45662,45912,961931,-0.03790783931602437
2022-01-12,47034,49779,46660,48906,2346038,0.0652117093570308
2022-01-13,48531,49966,48219,49155,1277706,0.005091399828242027
2022-01-14,48531,49342,48281,48781,679560,-0.007608585087987008
2022-01-17,48032,49092,47408,47471,656874,-0.02685471802546069
2022-01-18,47595,47907,46722,47533,669388,0.0013060605422257066
2022-01-19,46535,49591,46535,48407,1244581,0.01838722571687046
2022-01-20,48406,49092,46909,47034,833949,-0.028363666411882593
2022-01-21,46909,46909,45599,46161,707527,-0.018561040949100605
2022-01-24,45599,46098,44289,44352,623456,-0.03918892571651389
2022-01-25,43915,44227,41856,42294,924447,-0.04640151515151514
2022-01-26,42293,43166,41669,42106,599748,-0.004445074951529793
2022-01-27,41981,42605,39361,39362,983159,-0.06516885954495799
2022-01-28,39424,40671,38488,40235,742111,0.02217875107972156
2022-02-03,41295,41669,40484,40921,511403,0.017049832235615847
2022-02-04,40734,41981,40734,41545,422381,0.015248894210796449
2022-02-07,41981,42043,40858,41607,495109,0.001492357684438561
2022-02-08,42043,42979,41357,41670,607454,0.00151416828898987
2022-02-09,42231,44539,41544,44227,1144834,0.06136309095272385
2022-02-10,44289,44851,43728,43915,492570,-0.007054514210776186
2022-02-11,43166,43291,40359,40921,1760324,-0.06817716042354549
2022-02-14,40359,41482,40297,40921,544122,0.0
2022-02-15,41045,41794,40484,40734,474322,-0.004569780797145762
2022-02-16,41357,42605,41295,42106,531516,0.0336819364658516
2022-02-17,42480,43790,42043,42418,856219,0.007409870327269363
2022-02-18,42106,42730,40609,41108,1245088,-0.030883115658446925
2022-02-21,40297,41357,39798,40984,568399,-0.0030164444876910057
2022-02-22,39985,40858,39735,39861,625078,-0.027400936951005317
2022-02-23,39860,40858,39860,40609,509337,0.018765209101628155
2022-02-24,39923,40422,39049,39175,586999,-0.03531236917924596
2022-02-25,39923,42043,39860,41607,1118509,0.06208040842373963
2022-02-28,41233,42355,41108,42231,590544,0.014997476386185093
2022-03-02,43104,45911,43104,45787,1862538,0.0842035471573015
2022-03-03,45225,45537,44414,44477,943289,-0.02861074104003325
2022-03-04,44539,44851,43977,44477,509966,0.0
2022-03-07,44476,44913,43353,43791,537870,-0.015423702138183781
2022-03-08,43853,45350,43166,44165,851367,0.008540567696558643
2022-03-10,44788,45350,43665,45163,883202,0.022597079135061593
2022-03-11,44851,45038,43478,44165,511961,-0.022097734871465602
2022-03-14,43665,45162,43104,43978,522965,-0.004234122042341193
2022-03-15,43416,44102,42231,42605,527615,-0.03122015553231161
2022-03-16,42917,43291,42543,43042,354870,0.01025701208778318
2022-03-17,43977,45038,43853,44352,597453,0.030435388690116527
2022-03-18,44227,45038,43977,44851,533330,0.011250901875901942
2022-03-21,44913,45100,43915,43978,316780,-0.019464448953200653
2022-03-22,44476,44975,44164,44290,297515,0.007094456319068687
2022-03-23,44726,45537,44352,44976,404520,0.015488823662226148
2022-03-24,44975,45287,44040,44352,411573,-0.0138740661686233
2022-03-25,44539,44601,43416,43791,379152,-0.012648809523809534
2022-03-28,43853,44289,43603,43791,303553,0.0
2022-03-29,44227,45100,44102,44103,434983,0.0071247516613002215
2022-03-30,44164,44539,42792,44040,465741,-0.001428474253452161
2022-03-31,44102,45038,43977,44851,464072,0.018415077202543095
2022-04-01,44726,45662,44289,44602,493031,-0.00555171568080981
2022-04-04,44601,44788,43977,44602,268915,0.0
2022-04-05,45038,45350,44102,44477,307694,-0.002802564907403271
2022-04-06,44102,44476,43291,43416,453175,-0.023855026193313367
2022-04-07,43229,43229,41420,41420,706567,-0.04597383453104842
2022-04-08,41856,42231,41544,42169,353545,0.018083051665861882
2022-04-11,42231,43915,41981,43042,603601,0.020702411724252467
2022-04-12,42917,42979,41919,42356,358204,-0.015937921100320662
2022-04-13,42418,43042,42043,43042,365835,0.016196052507318814
2022-04-14,43104,43665,42605,42730,487098,-0.007248733794897988
2022-04-15,42231,42979,41981,42481,302498,-0.005827287619939114
2022-04-18,42231,42730,41669,42418,266865,-0.001483015936536325
2022-04-19,42293,42917,42168,42294,334646,-0.002923287283700282
2022-04-20,42355,42605,41856,41982,561681,-0.00737693289828345
2022-04-21,42418,43042,42168,42605,469900,0.014839693201848414
2022-04-22,41981,42043,40921,41545,1794719,-0.0248797089543481
2022-04-25,40422,40609,39798,39798,602317,-0.04205078830184139
2022-04-26,39985,40172,39299,39299,487768,-0.01253831850846776
2022-04-27,38301,38613,37802,38052,817937,-0.0317310873050205
2022-04-28,38114,39112,37427,38675,1339387,0.016372332597498263
2022-04-29,39174,39923,38550,39923,758327,0.03226890756302514
2022-05-02,39236,40047,39112,39798,306949,-0.0031310272274127637
2022-05-03,39735,39985,39486,39736,274655,-0.0015578672295090135
2022-05-04,39923,40484,39673,40422,401450,0.017263942017314182
2022-05-06,39486,40546,39361,40173,414128,-0.006160011874721705
2022-05-09,39735,39985,39174,39237,242221,-0.023299230826674622
2022-05-10,39049,39236,37926,38675,411915,-0.014323215332466832
2022-05-11,38613,38862,38238,38613,280694,-0.0016031027795733177
2022-05-12,38051,38675,37427,37490,485582,-0.02908346929790484
2022-05-13,37677,38425,37615,38301,514491,0.021632435316084386
2022-05-16,38675,38925,38051,38301,340186,0.0
2022-05-17,38550,39049,38176,38863,438317,0.014673246129343953
2022-05-18,39112,39798,38550,38863,417115,0.0
2022-05-19,38051,40047,37802,38925,946223,0.0015953477600803012
2022-05-20,39548,41607,39486,41483,1678958,0.06571612074502253
2022-05-23,41544,41544,40234,40547,574247,-0.022563459730492008
2022-05-24,40546,40734,39361,39549,440232,-0.024613411596418944
2022-05-25,39860,40858,39673,40048,491188,0.012617259602012654
2022-05-26,40359,44851,40297,44040,4151868,0.09968038353975239
2022-05-27,44040,45537,43416,44539,2005247,0.011330608537692965
2022-05-30,45038,46410,44352,45912,1459038,0.03082691573676999
2022-05-31,46348,49404,46285,48719,4244531,0.06113870012197253
2022-06-02,47907,49092,47658,48220,1025152,-0.010242410558509052
2022-06-03,48656,50153,47907,49904,1905112,0.03492326835338044
2022-06-07,50901,51400,49591,50777,1744875,0.017493587688361734
2022-06-08,50777,51089,49779,50153,883845,-0.012289028497154186
2022-06-09,49529,51089,49529,50590,805939,0.008713337188203996
2022-06-10,50028,51338,49966,50715,934318,0.0024708440403242715
2022-06-13,50028,50402,49030,49093,1119323,-0.031982648131716473
2022-06-14,48157,49654,47159,49342,1504678,0.005072006192328837
2022-06-15,49404,49654,47408,48220,1014719,-0.02273924851039677
2022-06-16,49092,49467,47533,48032,795946,-0.003898797179593516
2022-06-17,47346,48531,47034,47533,1518316,-0.010388907395069924
2022-06-20,48406,48968,46223,46847,1054174,-0.014432078766330791
2022-06-21,47159,48219,45911,47721,975114,0.018656477469208177
2022-06-22,48094,48157,44975,45101,1101977,-0.05490245384631509
2022-06-23,45412,47096,44663,44789,1279570,-0.006917806700516671
2022-06-24,45412,45911,44476,45475,809235,0.015316260689008487
2022-06-27,45911,46036,44851,45724,856611,0.0054755360087961336
2022-06-28,46036,48032,45973,47159,1353116,0.031383955909369154
2022-06-29,46535,49155,46410,48968,1492613,0.03835959201849071
2022-06-30,49030,49654,47221,47284,1383122,-0.0343898055873223
2022-07-01,48032,49217,47346,47721,1061531,0.0092420269012774
2022-07-04,47970,47970,43728,44477,1429174,-0.06797845812116254
2022-07-05,44601,46098,44102,46099,817951,0.03646828697978721
2022-07-06,44788,45162,40921,41046,2197237,-0.10961192216750903
2022-07-07,41482,42917,40047,42730,1221547,0.041027140281635344
2022-07-08,43416,44289,42979,43167,882132,0.010227006786800885
2022-07-11,43229,43416,41981,42294,609137,-0.02022378205573705
2022-07-12,41919,42418,40921,41545,598218,-0.01770936775902021
2022-07-13,41045,41669,39735,41295,787086,-0.006017571308220004
2022-07-14,40921,41732,40297,41108,726484,-0.0045283932679500705
2022-07-15,41170,41482,39548,39923,1192924,-0.02882650578962731
2022-07-18,39985,40671,38488,40360,850912,0.010946071187035056
2022-07-19,40734,41794,40484,40859,700591,0.012363726461843472
2022-07-20,41794,42543,41544,41857,671201,0.02442546317824723
2022-07-21,41981,41981,40858,41420,635380,-0.010440308669995457
2022-07-22,41420,41919,41108,41420,351478,0.0
2022-07-25,41669,44414,41482,44165,1305516,0.0662723322066634
2022-07-26,44164,44788,43104,43167,622031,-0.022597079135061704
2022-07-27,43229,43915,42543,43791,466836,0.014455486830217579
2022-07-28,45350,52710,44726,52711,7869030,0.20369482313717424
2022-07-29,53709,55206,52523,54645,7604506,0.036690633833545094
2022-08-01,54270,56328,54270,55081,2840216,0.007978772074297646
2022-08-02,54582,55518,54145,55019,1488956,-0.0011256150033587264
2022-08-03,55081,55767,53209,54395,1761286,-0.011341536560097398
2022-08-04,54083,54083,52087,52150,2204132,-0.041272175751447704
2022-08-05,52523,54894,52461,54894,2263987,0.052617449664429605
2022-08-08,56017,57202,54020,55955,2983319,0.019328159726017313
2022-08-09,56328,56890,54020,55206,2164943,-0.01338575641140205
2022-08-10,55268,57389,55268,56142,2678769,0.0169546788392565
2022-08-11,57576,59011,56453,58013,3265668,0.033326208542624025
2022-08-12,58137,59011,57139,57701,1626849,-0.005378104907520775
2022-08-16,58699,61256,57888,59697,4761592,0.03459212145370105
2022-08-17,59697,60071,57514,58076,2155791,-0.02715379332294754
2022-08-18,57389,59822,57327,58138,2098892,0.001067566636820727
2022-08-19,58824,60383,57888,58138,2236372,0.0
2022-08-22,57015,57826,56266,56641,1630652,-0.025749079775706063
2022-08-23,56391,59136,56391,58762,2575737,0.03744637276884233
2022-08-24,59323,61631,58886,61506,4053768,0.04669684489976511
2022-08-25,62754,63003,61007,61444,2973868,-0.0010080317367411329
2022-08-26,62255,64625,62005,64002,3943003,0.0416314042054553
2022-08-29,62255,65623,62192,64875,3278779,0.0136401987437893
2022-08-30,65249,65748,63377,65125,1949964,0.003853564547206201
2022-08-31,64875,66247,63128,65624,2592214,0.007662188099808009
2022-09-01,65249,67370,64625,64625,2646771,-0.01522308911373893
2022-09-02,65124,65249,62317,63752,1909983,-0.013508704061895527
2022-09-05,63377,64625,62379,63503,1268243,-0.003905759819299748
2022-09-06,64500,67744,64500,67744,4076412,0.06678424641355529
2022-09-07,67744,68493,65748,66123,2727466,-0.023928318375059043
2022-09-08,67744,68617,65873,67245,3043608,0.01696837711537591
2022-09-13,67370,67494,62504,65374,3593646,-0.027823630009666145
2022-09-14,64251,66995,64126,65873,2179191,0.007633003946523109
2022-09-15,65997,69740,65124,68119,3584542,0.03409591183034011
2022-09-16,67120,67245,63627,63877,2813582,-0.06227337453573889
2022-09-19,63752,64999,62192,63004,2138799,-0.013666891056248742
2022-09-20,63876,64875,62629,63128,1416078,0.0019681290076820623
2022-09-21,62130,63253,60009,61569,2029008,-0.024695856038524866
2022-09-22,61007,63876,60757,63627,1699526,0.03342591239097592
2022-09-23,63128,63377,60570,62006,1869742,-0.025476605843431255
2022-09-26,60196,61444,57264,57826,3565169,-0.0674128310163532
2022-09-27,57888,60009,57327,59697,2184646,0.032355687752913864
2022-09-28,59946,61568,58075,58575,2346277,-0.018794914317302402
2022-09-29,60196,61256,57638,57826,1912580,-0.01278702518139141
2022-09-30,57264,59697,56952,58887,1538530,0.018348147891951827
2022-10-04,60009,62504,60009,61694,1650225,0.04766756669553551
2022-10-05,63377,64126,62317,63877,2109744,0.03538431614095372
2022-10-06,62379,63253,61319,62380,2282812,-0.023435665419478058
2022-10-07,61506,62629,58824,59074,2208733,-0.05299775569092657
2022-10-11,57888,59073,56578,57639,1437978,-0.024291566509801243
2022-10-12,57514,60321,56640,60009,1402437,0.04111799302555563
2022-10-13,59136,59822,56640,56641,1384020,-0.05612491459614388
2022-10-14,58262,59198,57701,58575,1121405,0.03414487738563943
2022-10-17,57576,60633,57327,60633,1255594,0.03513444302176705
2022-10-18,61444,64750,61256,64750,2384231,0.06790031830851184
2022-10-19,64750,66122,63627,64875,2036138,0.0019305019305020377
2022-10-20,64251,65124,61756,61881,1631408,-0.046150289017341084
2022-10-21,61631,62192,59946,61694,2085462,-0.0030219291866647735
2022-10-24,63377,64251,58886,59386,2290809,-0.03741044510000968
2022-10-25,60383,60633,57826,58699,2201375,-0.011568383120600823
2022-10-26,59198,61007,59011,60259,1554867,0.026576261946540836
2022-10-27,61506,64875,58013,64501,4829385,0.07039612340065382
2022-10-28,64001,64126,59635,59885,3627865,-0.07156478194136529
2022-10-31,60508,60570,58449,58887,1740051,-0.016665275110628652
2022-11-01,60321,62067,60258,61257,2780316,0.040246573946711495
2022-11-02,61132,62192,60009,61319,1228285,0.0010121292260476533
2022-11-03,59947,61444,59323,61257,1302523,-0.001011105856259853
2022-11-04,62005,63627,61444,61506,1599335,0.004064841569126898
2022-11-07,61506,61506,58137,58200,2371208,-0.05375085357526099
2022-11-08,58387,59447,57514,58824,1553079,0.010721649484536133
2022-11-09,60071,61756,59136,61569,2585850,0.04666462668298643
2022-11-10,60945,63627,60321,61881,2342346,0.0050674852604395415
2022-11-11,64375,65623,62504,62754,2186478,0.014107722887477525
2022-11-14,63876,65873,62005,62255,2345289,-0.007951684354782218
2022-11-15,62754,63128,60945,61694,1208130,-0.009011324391615116
2022-11-16,62255,63876,60321,63877,1781383,0.03538431614095372
2022-11-17,64251,64375,61943,62006,1002409,-0.02929066800256741
2022-11-18,62317,63128,62005,62130,823738,0.001999806470341481
2022-11-21,62629,63627,62192,63378,904007,0.020086914534041433
2022-11-22,63377,65249,62629,64501,1538253,0.017719082331408398
2022-11-23,65249,65374,63876,64875,1059942,0.005798359715353252
2022-11-24,65374,67744,64999,67370,2911636,0.038458574181117644
2022-11-25,67370,67869,66372,66871,962010,-0.007406857651773735
2022-11-28,67245,67494,65249,65374,1028843,-0.02238638572774443
2022-11-29,64999,65748,64625,65125,835748,-0.0038088536727138855
2022-11-30,64375,64750,61568,64002,2734702,-0.017243761996161178
2022-12-01,64750,64750,63003,64251,1224892,0.003890503421767999
2022-12-02,64500,64875,62504,62754,854257,-0.02329924826072749
2022-12-05,64126,64500,62504,63378,844182,0.009943589253274654
2022-12-06,63003,63003,60071,60072,1543770,-0.052163211208936855
2022-12-07,59572,60383,58948,59760,828042,-0.005193767479025224
2022-12-08,60258,60446,59323,59822,997856,0.0010374832663988531
2022-12-09,60009,60446,57888,58575,1200493,-0.02084517401624819
2022-12-12,57638,59385,57264,59323,601485,0.01276995305164319
2022-12-13,59635,59635,57888,57888,637973,-0.0241896060549871
2022-12-14,58886,61880,58761,61818,1416759,0.06788971807628519
2022-12-15,61818,61943,60196,60384,859454,-0.02319712705037369
2022-12-16,59323,61880,58824,61881,804987,0.024791335453100194
2022-12-19,61132,61568,60446,60758,473549,-0.018147735169114942
2022-12-20,60633,61756,60508,60696,557458,-0.0010204417525264686
2022-12-21,61194,61444,60009,60259,414330,-0.007199815473836857
2022-12-22,60757,61256,58824,59136,827273,-0.018636220315637497
2022-12-23,58574,58574,56765,56828,1235050,-0.03902867965367962
2022-12-26,57139,57389,56141,56703,669871,-0.0021996199056802945
2022-12-27,56890,57451,55268,55955,1478328,-0.013191541893726955
2022-12-28,55518,56453,55018,55144,882410,-0.014493789652399225
2022-12-29,54707,54831,53397,53647,884927,-0.027147105759466106
2023-01-02,54145,55268,53397,53459,614214,-0.003504389807444941
2023-01-03,53521,53771,51588,53335,904007,-0.0023195345966067205
2023-01-04,52648,53334,51962,52649,740616,-0.012862098059435612
2023-01-05,52835,53022,49467,50278,2564737,-0.04503409371498035
2023-01-06,49716,52336,48781,51900,1404262,0.03226063089223907
2023-01-09,53085,54894,52149,54395,1271306,0.048073217726396944
2023-01-10,54270,54831,53833,54582,696655,0.003437815975733116
2023-01-11,55518,58886,54395,58325,3408082,0.06857572093364106
2023-01-12,60820,62255,60009,60009,4215473,0.028872696099442763
2023-01-13,60820,61631,59323,59697,1857887,-0.005199220116982484
2023-01-16,59946,60882,58512,58637,1283029,-0.017756336164296393
2023-01-17,58637,59635,58013,58076,771136,-0.00956733802888965
2023-01-18,57888,58387,57202,57452,690625,-0.010744541635098859
2023-01-19,57202,58137,56828,57078,856163,-0.006509782078952919
2023-01-20,56578,57015,55393,56766,1454774,-0.005466204141700848
2023-01-25,57451,57638,56079,56454,822481,-0.0054962477539372
2023-01-26,56453,58387,56204,58200,1077463,0.030927835051546282
2023-01-27,58761,59260,57638,57951,985885,-0.00427835051546388
2023-01-30,58013,58387,56828,57015,766293,-0.01615157633172848
2023-01-31,56765,57576,56328,56578,781027,-0.00766464965359992
2023-02-01,57077,57576,56703,57452,751763,0.01544770051963651
2023-02-02,59510,60321,57950,58138,1639345,0.011940402422892182
2023-02-03,57202,58574,56828,58013,1214167,-0.0021500567614984867
2023-02-06,57202,59011,57077,58325,1110214,0.005378104907520775
2023-02-07,58013,58824,57576,58824,888058,0.008555507929704165
2023-02-08,59011,59073,58013,58263,950766,-0.009536923704610345
2023-02-09,58200,59884,58013,59573,1465643,0.022484252441515196
2023-02-10,59136,59260,57264,57639,1103681,-0.032464371443439166
2023-02-13,57638,58137,56890,57327,603595,-0.005413001613490898
2023-02-14,57888,58387,56828,56890,870242,-0.007622935091667116
2023-02-15,56952,57389,55143,55768,1605697,-0.019722271049393614
2023-02-16,57077,57327,54894,56766,1827466,0.017895567350451946
2023-02-17,56703,58013,55580,57265,1432683,0.00879047317055992
2023-02-20,56890,56952,52274,53272,3992844,-0.06972845542652584
2023-02-21,53521,54395,52835,53834,1605271,0.010549632076888527
2023-02-22,53022,53397,51213,51276,2170705,-0.047516439424898804
2023-02-23,51400,51775,50278,51339,1800471,0.0012286449801075516
2023-02-24,51338,52586,51338,51900,2062048,0.010927365160988689
2023-02-27,0,0,0,51900,0,0.0
2023-02-28,0,0,0,51900,0,0.0
2023-03-02,0,0,0,51900,0,0.0
2023-03-03,0,0,0,51900,0,0.0
2023-03-06,0,0,0,51900,0,0.0
2023-03-07,0,0,0,51900,0,0.0
2023-03-08,0,0,0,51900,0,0.0
2023-03-09,0,0,0,51900,0,0.0
2023-03-10,0,0,0,51900,0,0.0
2023-03-13,0,0,0,51900,0,0.0
2023-03-14,0,0,0,51900,0,0.0
2023-03-15,0,0,0,51900,0,0.0
2023-03-16,0,0,0,51900,0,0.0
2023-03-17,0,0,0,51900,0,0.0
2023-03-20,0,0,0,51900,0,0.0
2023-03-21,0,0,0,51900,0,0.0
2023-03-22,0,0,0,51900,0,0.0
2023-03-23,0,0,0,51900,0,0.0
2023-03-24,0,0,0,51900,0,0.0
2023-03-27,0,0,0,51900,0,0.0
2023-03-28,0,0,0,51900,0,0.0
2023-03-29,0,0,0,51900,0,0.0
2023-03-30,0,0,0,51900,0,0.0
2023-03-31,51900,57000,51000,53700,11861898,0.034682080924855585
2023-04-03,53600,53600,50100,50500,4641724,-0.059590316573556845
2023-04-04,51800,52000,50100,50400,3003343,-0.001980198019801982
2023-04-05,50300,50800,48800,48950,2688586,-0.02876984126984128
2023-04-06,48700,51200,47450,49750,5151937,0.01634320735444339
2023-04-07,51000,51700,50100,50900,2976570,0.02311557788944718
2023-04-10,52000,53400,51300,52700,4486166,0.035363457760314354
2023-04-11,53500,53600,51500,52000,2453671,-0.013282732447817858
2023-04-12,51700,52400,50200,50800,1880851,-0.023076923076923106
2023-04-13,51200,52700,50900,52200,2450700,0.027559055118110187
2023-04-14,53300,53400,51600,51600,1673587,-0.011494252873563204
2023-04-17,51900,52500,51300,52300,1472537,0.013565891472868241
2023-04-18,53200,54900,52600,54700,5179091,0.04588910133843216
2023-04-19,54200,54800,53600,54200,1849742,-0.009140767824497242
2023-04-20,53900,54600,52700,53100,1763178,-0.020295202952029467
2023-04-21,53400,55800,51800,55100,3933278,0.03766478342749524
2023-04-24,55900,56400,54600,54600,2672482,-0.00907441016333943
2023-04-25,54400,55500,53600,55100,2691130,0.009157509157509125
2023-04-26,54300,54700,53100,53100,2009547,-0.0362976406533575
2023-04-27,51800,53100,50700,51200,3615181,-0.03578154425612057
2023-04-28,51700,51700,47500,47950,5114731,-0.0634765625
2023-05-02,47600,48200,46900,47100,2610562,-0.017726798748696537
2023-05-03,46500,47100,45200,45500,2827694,-0.03397027600849256
2023-05-04,45500,46000,45150,45750,1449014,0.005494505494505475
2023-05-08,46200,46550,45550,45750,1230239,0.0
2023-05-09,45700,45750,44500,44700,1256455,-0.022950819672131195
2023-05-10,45100,45900,44700,44900,1113386,0.004474272930648837
2023-05-11,45200,46600,45200,46150,1402471,0.027839643652561197
2023-05-12,46400,46500,44800,44850,1103610,-0.028169014084507005
2023-05-15,46550,47900,46200,47000,3509433,0.047937569676700154
2023-05-16,46550,47000,46050,46850,910120,-0.0031914893617021045
2023-05-17,46800,48600,46550,47950,1760038,0.023479188900747072
2023-05-18,48350,48350,47350,47400,743097,-0.01147028154327423
2023-05-19,47300,47350,46200,46500,1439445,-0.01898734177215189
2023-05-22,46500,46950,45900,46550,861379,0.0010752688172042113
2023-05-23,47000,47100,46250,46700,1014790,0.0032223415682062218
2023-05-24,46400,47000,46350,46850,490817,0.0032119914346895317
2023-05-25,46550,46700,45350,45350,1295549,-0.03201707577374602
2023-05-26,45600,46400,44750,44900,1175864,-0.009922822491730932
2023-05-30,45600,45900,45150,45550,895902,0.014476614699331813
2023-05-31,45550,45800,44750,44750,1999825,-0.01756311745334793
2023-06-01,45050,45600,44600,44600,905906,-0.003351955307262622
2023-06-02,45150,47300,45000,47250,2313894,0.0594170403587444
2023-06-05,47250,47750,46750,47600,1099342,0.007407407407407307
2023-06-07,47650,48100,47300,47300,934013,-0.006302521008403339
2023-06-08,47850,48850,47550,48700,2080445,0.029598308668076
2023-06-09,48600,48850,47800,48300,1193858,-0.008213552361396315
2023-06-12,48500,49000,47700,47750,789011,-0.011387163561076608
2023-06-13,48250,48350,47100,47200,1026476,-0.011518324607329822
2023-06-14,47550,48550,47150,47450,1510626,0.005296610169491567
2023-06-15,47550,47600,45750,46300,1589275,-0.02423603793466811
2023-06-16,46600,47700,46500,46950,1257435,0.014038876889848728
2023-06-19,46900,47850,46550,47850,1050018,0.019169329073482455
2023-06-20,48050,48050,46200,46250,1429497,-0.03343782654127481
2023-06-21,46150,46150,44900,44900,1242730,-0.029189189189189224
2023-06-22,45000,45350,44500,45200,718933,0.006681514476614803
2023-06-23,45350,45650,43050,43250,1907819,-0.04314159292035402
2023-06-26,43450,43500,42250,42950,930982,-0.006936416184971095
2023-06-27,42650,43250,42500,42850,595894,-0.002328288707799775
2023-06-28,43150,43250,41900,42300,1011444,-0.012835472578763163
2023-06-29,42150,42800,41600,41750,891365,-0.013002364066193817
2023-06-30,41900,42600,41600,42300,673469,0.013173652694610682
2023-07-03,42850,43400,42500,42950,693545,0.015366430260047359
2023-07-04,42900,43150,42000,42100,703714,-0.019790454016297976
2023-07-05,42150,42450,41800,42100,700540,0.0
2023-07-06,42150,42150,40950,41150,1144375,-0.0225653206650831
2023-07-07,40800,41200,40450,41000,712161,-0.0036452004860266785
2023-07-10,41500,42350,41300,41950,850411,0.023170731707317094
2023-07-11,42400,43100,42000,42750,851960,0.019070321811680557
2023-07-12,42850,43200,42500,42900,680755,0.0035087719298245723
2023-07-13,43750,45150,43700,45050,2311206,0.05011655011655014
2023-07-14,45050,45150,43700,44500,1309117,-0.01220865704772478
2023-07-17,43500,43850,42700,42950,1056718,-0.03483146067415732
2023-07-18,43850,45600,43850,44000,1754341,0.024447031431897637
2023-07-19,44000,44500,43000,44450,826521,0.010227272727272751
2023-07-20,44250,45250,43850,44450,888231,0.0
2023-07-21,44200,44550,43700,44150,832495,-0.006749156355455588
2023-07-24,43750,43900,42700,43200,990968,-0.021517553793884536
2023-07-25,43200,43450,42100,43050,1101472,-0.00347222222222221
2023-07-26,43000,43000,41500,41600,1441144,-0.03368176538908241
2023-07-27,41650,42550,38000,38450,3652552,-0.07572115384615385
2023-07-28,37850,38050,35750,36650,3540779,-0.04681404421326396
2023-07-31,36750,38350,36750,37850,1891322,0.032742155525238736
2023-08-01,37900,39700,37900,39050,1427889,0.031704095112285335
2023-08-02,39100,39600,38500,38700,954698,-0.008962868117797673
2023-08-03,38400,38400,37500,37850,895188,-0.021963824289405687
2023-08-04,37700,38650,37700,38050,562416,0.005284015852047519
2023-08-07,38050,38150,37450,37650,486351,-0.010512483574244391
2023-08-08,38000,38050,36900,37000,687678,-0.01726427622841964
2023-08-09,37150,37700,36850,37500,517329,0.013513513513513598
2023-08-10,38250,38900,37500,38050,1181441,0.014666666666666606
2023-08-11,37800,39150,37800,38400,862939,0.009198423127463773
2023-08-14,38300,38300,36650,36850,938766,-0.04036458333333337
2023-08-16,36300,36400,35250,35300,1177015,-0.042062415196743586
2023-08-17,34850,35450,34250,35200,859655,-0.0028328611898017497
2023-08-18,34550,35400,34500,35150,597111,-0.0014204545454545858
2023-08-21,35450,38250,35450,37750,2054639,0.073968705547653
2023-08-22,37550,37850,36600,36900,1065114,-0.02251655629139071
2023-08-23,36800,36950,35800,35800,649535,-0.02981029810298108
2023-08-24,36150,36550,35850,35900,432953,0.0027932960893854997
2023-08-25,35150,35550,34900,35300,1088615,-0.01671309192200554
2023-08-28,35700,36250,35400,36000,526671,0.019830028328611915
2023-08-29,35800,36250,35550,35950,544358,-0.001388888888888884
2023-08-30,36600,37650,36400,37150,868466,0.033379694019471495
2023-08-31,37200,37200,36000,36450,1267626,-0.018842530282637937
2023-09-01,36800,37500,36300,36300,678512,-0.004115226337448541
2023-09-04,36100,37450,35850,37250,645954,0.026170798898071723
2023-09-05,37000,37350,35300,35850,1252135,-0.037583892617449655
2023-09-06,35700,35750,34000,34050,2785363,-0.05020920502092052
2023-09-07,34000,34300,33350,33500,1198556,-0.016152716593245242
2023-09-08,33800,34450,33150,33400,1135140,-0.0029850746268657025
2023-09-11,33400,33600,33050,33250,924853,-0.004491017964071808
2023-09-12,33300,33950,33100,33150,760265,-0.003007518796992459
2023-09-13,33150,33150,32000,32100,1344985,-0.03167420814479638
2023-09-14,31850,32400,31800,32100,1241304,0.0
2023-09-15,32400,33050,32300,32650,1687548,0.017133956386292892
2023-09-18,32500,32750,32250,32550,509899,-0.003062787136294043
2023-09-19,32450,32550,32000,32000,566218,-0.016897081413210446
2023-09-20,32000,32100,31500,31650,647611,-0.010937500000000044
2023-09-21,31500,31550,30550,30600,977379,-0.033175355450236976
2023-09-22,30100,30450,29700,30100,1244691,-0.016339869281045805
2023-09-25,29800,30650,29700,29750,686852,-0.011627906976744207
2023-09-26,29750,30050,29400,29500,584272,-0.008403361344537785
2023-09-27,29150,29850,28400,29750,963262,0.008474576271186418
2023-10-04,29200,29250,27850,27850,1663516,-0.06386554621848739
2023-10-05,28000,28200,27250,27250,1057951,-0.021543985637342944
2023-10-06,27000,27400,26950,27000,952566,-0.00917431192660545
2023-10-10,27050,27700,26850,27050,931796,0.0018518518518517713
2023-10-11,28150,29500,28000,29300,1971207,0.08317929759704246
2023-10-12,29250,30550,29200,30300,1419166,0.03412969283276457
2023-10-13,29700,30600,29150,30400,854962,0.0033003300330032292
2023-10-16,30450,31600,30050,30650,1379039,0.008223684210526327
2023-10-17,30600,31800,30500,31250,987583,0.019575856443719397
2023-10-18,31950,32450,31300,31300,1024675,0.0016000000000000458
2023-10-19,30600,31350,30100,30500,965378,-0.025559105431309903
2023-10-20,29800,30400,28800,29900,3058470,-0.01967213114754096
2023-10-23,29050,29250,27400,27700,2148494,-0.0735785953177257
2023-10-24,27950,28950,27350,28900,1078080,0.04332129963898912
2023-10-25,29150,29650,28900,29000,641133,0.0034602076124568004
2023-10-26,28000,28500,27600,27800,759696,-0.04137931034482756
2023-10-27,28050,28100,27150,27500,1084945,-0.010791366906474864
2023-10-30,27300,27950,26900,27700,851657,0.0072727272727273196
2023-10-31,27900,29400,26500,28650,2381489,0.03429602888086647
2023-11-01,29650,31800,29500,30700,3646580,0.07155322862129143
2023-11-02,30300,30650,29400,30150,1359318,-0.01791530944625408
2023-11-03,30800,31500,30650,30750,1023827,0.01990049751243772
2023-11-06,32000,33150,31500,33150,1643965,0.07804878048780495
2023-11-07,32750,32800,31700,31900,819424,-0.037707390648567096
2023-11-08,32000,32450,31700,31750,467555,-0.00470219435736674
2023-11-09,31300,31800,31100,31500,450551,-0.007874015748031482
2023-11-10,30900,31450,30450,30450,480377,-0.033333333333333326
2023-11-13,30850,31150,30300,30400,310520,-0.0016420361247947435
2023-11-14,30900,31200,30600,30950,339071,0.018092105263157965
2023-11-15,33100,34500,32550,33350,2917701,0.07754442649434568
2023-11-16,33500,33550,32000,33000,977743,-0.010494752623688153
2023-11-17,32900,32950,31700,31750,791013,-0.037878787878787845
2023-11-20,31650,33300,31350,33000,771415,0.03937007874015741
2023-11-21,33400,34550,33300,34300,1441641,0.039393939393939315
2023-11-22,33900,34450,33250,34000,743395,-0.008746355685131157
2023-11-23,34350,35300,34200,34500,746479,0.014705882352941124
2023-11-24,34200,34650,33800,33800,430817,-0.020289855072463725
2023-11-27,33600,34500,33200,33250,625463,-0.016272189349112454
2023-11-28,33450,33550,32650,32700,832647,-0.016541353383458635
2023-11-29,32750,32900,32050,32500,791448,-0.006116207951070374
2023-11-30,32000,33400,31800,33400,2419158,0.027692307692307683
2023-12-01,33400,33400,31800,31850,799280,-0.046407185628742464
2023-12-04,32350,32550,31700,32550,502431,0.0219780219780219
2023-12-05,32200,32650,32050,32550,466451,0.0
2023-12-06,32250,32800,31950,32150,494236,-0.01228878648233489
2023-12-07,31950,32050,31100,31550,675508,-0.018662519440124425
2023-12-08,31750,32000,31250,31400,347363,-0.004754358161648153
2023-12-11,31550,31650,31200,31400,395697,0.0
2023-12-12,31600,32750,31600,32100,752427,0.022292993630573354
2023-12-13,31700,31700,30800,31000,908669,-0.034267912772585674
2023-12-14,32250,32750,31950,32400,1420540,0.04516129032258065
2023-12-15,33650,37700,33650,34950,10737122,0.07870370370370372
2023-12-18,35500,35900,34100,35000,1882164,0.0014306151645206988
2023-12-19,34500,35200,34150,34650,1060440,-0.010000000000000009
2023-12-20,36700,38250,36350,37700,6081344,0.08802308802308811
2023-12-21,36700,39150,36550,38750,3150545,0.027851458885941538
2023-12-22,39200,39200,38000,38550,1725903,-0.005161290322580614
2023-12-26,38000,38700,37700,38450,916700,-0.0025940337224383825
2023-12-27,38750,39200,37650,38600,1022244,0.0039011703511053764
2023-12-28,38600,39750,38300,39500,1435804,0.023316062176165886
2024-01-02,39500,39500,38300,38600,753499,-0.02278481012658229
2024-01-03,38050,38450,37450,37450,867468,-0.029792746113989632
2024-01-04,36650,36900,35550,36600,1083258,-0.022696929238985364
2024-01-05,36400,36950,36050,36300,714593,-0.008196721311475419
2024-01-08,36300,36850,35600,35600,655553,-0.019283746556473802
2024-01-09,36700,38100,36450,37000,1441041,0.0393258426966292
2024-01-10,37750,39300,37600,38550,2410753,0.0418918918918918
2024-01-11,38650,38900,37500,37500,1051976,-0.027237354085603127
2024-01-12,37550,38000,36750,36750,618701,-0.020000000000000018
2024-01-15,36750,37950,36750,37200,627403,0.012244897959183598
2024-01-16,37000,38500,37000,37750,863341,0.014784946236559238
2024-01-17,37000,37050,34100,34150,2041632,-0.09536423841059605
2024-01-18,34100,34600,32800,33200,1408701,-0.027818448023426035
2024-01-19,33400,34100,32450,32600,1316582,-0.01807228915662651
2024-01-22,32700,32900,31650,32200,771241,-0.012269938650306789
2024-01-23,32650,33550,32600,32900,841747,0.021739130434782705
2024-01-24,33750,34150,33250,33750,768656,0.02583586626139822
2024-01-25,33200,33350,32550,32950,569270,-0.02370370370370367
2024-01-26,32750,33100,32400,32950,460852,0.0
2024-01-29,33000,33100,32550,32600,421000,-0.01062215477996964
2024-01-30,33000,34100,32950,33250,777968,0.019938650306748462
2024-01-31,33300,33900,32750,33350,639514,0.003007518796992459
2024-02-01,33400,35000,32850,35000,1014891,0.0494752623688155
2024-02-02,35250,35850,34650,34700,837462,-0.008571428571428563
2024-02-05,34550,34650,32800,33200,1058349,-0.043227665706051854
2024-02-06,32800,33200,32250,32250,819274,-0.028614457831325324
2024-02-07,32000,32200,31000,31600,1782214,-0.020155038759689936
2024-02-08,32500,32600,31600,31850,819718,0.007911392405063333
2024-02-13,32600,32850,32200,32250,629246,0.012558869701726927
2024-02-14,31600,32150,31400,32000,577862,-0.007751937984496138
2024-02-15,32750,32750,32050,32250,514452,0.0078125
2024-02-16,32600,34150,32600,33600,1359706,0.041860465116279055
2024-02-19,33300,33850,32900,33250,621708,-0.01041666666666663
2024-02-20,33450,33650,32850,32950,579253,-0.009022556390977488
2024-02-21,32900,33150,32550,32800,486652,-0.004552352048558417
2024-02-22,32950,33100,28900,29300,4885784,-0.10670731707317072
2024-02-23,28800,28800,26500,26900,6545619,-0.08191126279863481
2024-02-26,26750,27650,26650,26800,2495943,-0.0037174721189591198
2024-02-27,26950,27300,26800,27300,1292909,0.018656716417910557
2024-02-28,27600,28250,27450,27950,1658587,0.023809523809523725
2024-02-29,27700,27950,27450,27750,920770,-0.007155635062611854
2024-03-04,28000,28100,27400,27600,722389,-0.00540540540540535
2024-03-05,27300,27700,27150,27250,636334,-0.0126811594202898
2024-03-06,27200,27450,26800,26900,827642,-0.012844036697247652
2024-03-07,26900,27100,26500,26650,678458,-0.009293680297397744
2024-03-08,27050,27350,26900,27350,790138,0.026266416510319024
2024-03-11,27400,27450,26950,27000,534057,-0.012797074954296161
2024-03-12,27150,27350,27000,27250,494684,0.0092592592592593
2024-03-13,27300,27300,26900,26900,685184,-0.012844036697247652
2024-03-14,26900,27800,26800,27800,871964,0.03345724907063197
2024-03-15,27600,27600,27050,27450,715543,-0.01258992805755399
2024-03-18,27550,27650,27100,27650,455440,0.007285974499089187
2024-03-19,27650,27700,27050,27050,545394,-0.02169981916817365
2024-03-20,27300,27550,27000,27050,452820,0.0
2024-03-21,27550,28100,27350,27550,881630,0.01848428835489835
2024-03-22,27600,28050,27500,27600,784096,0.001814882032667775
2024-03-25,27600,27600,27150,27250,580568,-0.0126811594202898
2024-03-26,27250,27650,27100,27200,620861,-0.0018348623853210455
2024-03-27,27150,27400,27000,27100,461724,-0.003676470588235281
2024-03-28,28200,29250,27550,27650,4018173,0.02029520295202958
2024-03-29,27850,28600,27800,28350,1398808,0.025316455696202445
2024-04-01,28750,29100,28250,29050,1518983,0.024691358024691468
2024-04-02,28600,28800,27700,27750,1329765,-0.04475043029259895
2024-04-03,27750,28000,27300,27500,781561,-0.009009009009009028
2024-04-04,27700,27750,27100,27150,642066,-0.012727272727272698
2024-04-05,27050,27650,27050,27150,511043,0.0
2024-04-08,27250,27250,26750,26900,396852,-0.009208103130755041
2024-04-09,27000,27650,27000,27300,516788,0.014869888475836479
2024-04-11,27050,27300,26700,26950,719799,-0.012820512820512775
2024-04-12,26850,26900,25650,25700,1378114,-0.04638218923933213
2024-04-15,25250,25350,24650,24700,834166,-0.03891050583657585
2024-04-16,24200,25050,24200,24500,675151,-0.0080971659919028
2024-04-17,24500,24750,24100,24100,524347,-0.01632653061224487
2024-04-18,24600,26000,24600,25500,1090783,0.05809128630705396
2024-04-19,25300,26100,24700,24900,1358441,-0.02352941176470591
2024-04-22,25550,25600,25000,25100,455611,0.008032128514056325
2024-04-23,25400,25450,24550,24550,677148,-0.021912350597609542
2024-04-24,25150,25550,24550,24650,932315,0.004073319755600879
2024-04-25,24500,24750,23600,23800,1234964,-0.03448275862068961
2024-04-26,23600,23750,23000,23150,1304757,-0.027310924369747913
2024-04-29,23350,26600,23300,26300,3856197,0.13606911447084236
2024-04-30,26300,26300,25400,25600,1304639,-0.026615969581749055
2024-05-02,25400,26250,25100,25950,874755,0.013671875
2024-05-03,26200,27650,25950,26500,1928258,0.021194605009633882
2024-05-07,27400,28250,26900,28000,2400501,0.05660377358490565
2024-05-08,28250,28950,27750,28800,1864751,0.02857142857142847
2024-05-09,29000,29300,28550,28900,1450770,0.003472222222222321
2024-05-10,29300,29650,28200,28800,1377330,-0.0034602076124568004
2024-05-13,29400,29850,28800,28950,1349973,0.005208333333333259
2024-05-14,29100,29450,28500,29250,925738,0.010362694300518172
2024-05-16,29900,31300,29650,30000,3128502,0.02564102564102555
2024-05-17,30600,31500,29550,30950,2823079,0.03166666666666673
2024-05-20,31300,32700,30850,31800,3498469,0.02746365105008075
2024-05-21,31800,31850,28050,28050,4379428,-0.11792452830188682
2024-05-22,29100,30100,28500,28800,3144895,0.02673796791443861
2024-05-23,31250,33900,31150,32250,13437653,0.11979166666666674
2024-05-24,31700,32500,30050,30250,3811845,-0.06201550387596899
2024-05-27,31700,34300,31650,32850,8590020,0.08595041322314056
2024-05-28,34150,34550,31950,32400,3658066,-0.013698630136986356
2024-05-29,32200,32300,31000,31650,2290167,-0.02314814814814814
2024-05-30,32250,33000,30350,32200,3202679,0.017377567140600236
2024-05-31,32250,33450,31450,31450,2678080,-0.02329192546583847
2024-06-03,31600,32350,30600,30850,1380441,-0.019077901430842648
2024-06-04,30500,31000,28850,29700,2338489,-0.037277147487844386
2024-06-05,29500,29950,29200,29450,985222,-0.008417508417508435
2024-06-07,29600,30200,28850,29400,1256740,-0.001697792869269965
2024-06-10,29500,30400,29350,29750,1206210,0.011904761904761862
2024-06-11,30700,32600,30050,32350,4022195,0.08739495798319319
2024-06-12,32700,34300,32050,33900,4165796,0.04791344667697062
2024-06-13,34200,34300,32550,33350,2734231,-0.016224188790560423
2024-06-14,33100,33150,31000,31050,2667604,-0.06896551724137934
2024-06-17,30350,30950,30150,30250,1178883,-0.025764895330112725
2024-06-18,29950,30200,29350,29650,1720896,-0.01983471074380161
2024-06-19,30000,30850,29950,30350,1286564,0.02360876897133224
2024-06-20,30500,31150,30000,30350,936462,0.0
2024-06-21,30550,30650,29850,29900,848857,-0.014827018121911006
2024-06-24,29900,30350,29700,30000,570705,0.0033444816053511683
2024-06-25,30300,30550,29850,29850,786339,-0.0050000000000000044
2024-06-26,29750,29750,28600,28850,1494802,-0.03350083752093802
2024-06-27,28800,29300,28100,28200,1213987,-0.022530329289428108
2024-06-28,28100,28200,27300,27600,1472981,-0.021276595744680882
2024-07-01,26300,26800,25700,26500,2643189,-0.03985507246376807
2024-07-02,26350,26400,25350,25550,1634930,-0.03584905660377358
2024-07-03,25600,26650,25500,25850,1341712,0.011741682974559797
2024-07-04,26350,27450,26300,27000,1787633,0.044487427466150864
2024-07-05,27200,27400,26750,27150,729253,0.005555555555555536
2024-07-08,27150,27350,26800,27100,597624,-0.0018416206261510082
2024-07-09,27450,28200,27250,27350,942451,0.009225092250922495
2024-07-10,27100,27250,26700,26850,522722,-0.018281535648994485
2024-07-11,27400,27450,26850,27250,688245,0.014897579143389184
2024-07-12,28000,28300,26900,27250,753663,0.0
2024-07-15,26700,27150,26550,27100,847285,-0.0055045871559632475
2024-07-16,26600,26650,25450,25450,2235077,-0.06088560885608851
2024-07-17,26250,26350,25400,25550,894600,0.003929273084479323
2024-07-18,25100,25650,24900,25550,619248,0.0
2024-07-19,25500,26500,25300,26500,1081903,0.03718199608610573
2024-07-22,26900,26950,25450,25700,879345,-0.030188679245283012
2024-07-23,25900,26050,25150,25150,588872,-0.021400778210116767
2024-07-24,25250,26350,25050,25100,1253966,-0.001988071570576566
2024-07-25,24900,25850,24350,25500,1137022,0.015936254980079667
2024-07-26,25100,25650,24500,25000,993849,-0.019607843137254943
2024-07-29,25050,25350,24550,25050,650209,0.0020000000000000018
2024-07-30,24800,25100,24500,24600,487892,-0.017964071856287456
2024-07-31,24650,24800,24250,24750,574867,0.0060975609756097615
2024-08-01,24950,27350,24800,27000,2052828,0.09090909090909083
2024-08-02,26450,26650,25850,26200,922365,-0.029629629629629672
2024-08-05,25650,25850,22150,22950,1913961,-0.12404580152671751
2024-08-06,23200,24200,23050,23300,1156916,0.015250544662309462
2024-08-07,23000,23650,22700,23100,1026266,-0.008583690987124415
2024-08-08,22700,23200,22200,22700,937647,-0.017316017316017285
2024-08-09,23450,25250,23300,25050,1991813,0.1035242290748899
2024-08-12,25450,26950,25350,26600,2036178,0.0618762475049901
2024-08-13,26250,27000,26050,26600,787732,0.0
2024-08-14,27450,28550,26950,28100,2640957,0.0563909774436091
2024-08-16,28500,29000,28000,28100,1615505,0.0
2024-08-19,28000,28100,27400,27600,722658,-0.017793594306049876
2024-08-20,28100,28100,26650,27750,1008943,0.005434782608695565
2024-08-21,27200,27300,25700,26150,1671141,-0.057657657657657624
2024-08-22,26300,26600,25750,26150,670269,0.0
2024-08-23,25900,26050,25450,25650,516673,-0.019120458891013437
2024-08-26,26650,27200,25650,25850,1284847,0.007797270955165692
2024-08-27,26000,26200,25700,26200,483431,0.013539651837524147
2024-08-28,26100,26200,25700,25800,351343,-0.01526717557251911
2024-08-29,25600,26050,25400,25650,325922,-0.005813953488372103
2024-08-30,25900,26050,25600,25800,502713,0.005847953216374213
2024-09-02,25700,25750,24600,24750,986584,-0.04069767441860461
2024-09-03,24700,25150,24600,24600,452343,-0.0060606060606061
2024-09-04,23800,24000,23450,23600,715927,-0.04065040650406504
2024-09-05,23700,24100,23550,23650,309916,0.0021186440677967155
2024-09-06,23750,23800,23300,23350,329628,-0.012684989429175508
2024-09-09,22850,23450,22550,23300,289021,-0.0021413276231263545
2024-09-10,23400,23750,23300,23300,287805,0.0
2024-09-11,23650,25250,23400,25000,1302552,0.07296137339055786
2024-09-12,25850,25950,24600,24900,1101571,-0.0040000000000000036
2024-09-13,24800,24950,24200,24600,533969,-0.012048192771084376
2024-09-19,25050,25250,23650,23850,1353594,-0.030487804878048808
2024-09-20,24000,24250,23000,23250,2585054,-0.02515723270440251
2024-09-23,23450,24000,23250,24000,778553,0.032258064516129004
2024-09-24,24100,26700,24000,26550,2850055,0.10624999999999996
2024-09-25,26600,26650,25300,25450,1214941,-0.04143126177024481
2024-09-26,25550,25750,25000,25750,748946,0.011787819253438192
2024-09-27,25950,27150,25950,26100,1559940,0.013592233009708687
2024-09-30,26400,26600,25800,25850,912635,-0.009578544061302652
2024-10-02,25200,25350,24750,24800,1064053,-0.04061895551257255
2024-10-04,24900,25050,24450,24600,455528,-0.008064516129032251
2024-10-07,24700,25850,24350,25500,692549,0.03658536585365857
2024-10-08,25150,25350,24550,24550,597152,-0.03725490196078429
2024-10-10,24800,24800,23700,23750,1295271,-0.03258655804480648
2024-10-11,23500,23600,23000,23050,1762248,-0.02947368421052632
2024-10-14,23150,23350,23000,23100,688022,0.002169197396963085
2024-10-15,23150,23250,22450,22800,1414938,-0.012987012987012991
2024-10-16,22400,22500,21800,21850,1777787,-0.04166666666666663
2024-10-17,21950,22100,21250,21250,1223655,-0.027459954233409634
2024-10-18,21100,21450,20750,21000,1427334,-0.0117647058823529
2024-10-21,21000,22350,21000,21350,1206768,0.016666666666666607
2024-10-22,21200,21250,20500,20500,830788,-0.03981264637002346
2024-10-23,20700,20800,20000,20550,813106,0.0024390243902439046
2024-10-24,20450,20800,20200,20450,520147,-0.0048661800486617945
2024-10-25,20650,20750,20400,20450,388279,0.0
2024-10-28,20700,21750,20650,21750,1023476,0.0635696821515892
2024-10-29,21800,22200,21300,21900,843068,0.006896551724137945
2024-10-30,21650,22100,21100,21500,848758,-0.0182648401826484
2024-10-31,21400,21900,20900,21450,782843,-0.0023255813953488857
2024-11-01,21200,21750,21000,21500,525064,0.002331002331002363
2024-11-04,22150,22800,21650,22150,1716437,0.03023255813953485
2024-11-05,22250,22400,21300,21900,961684,-0.011286681715575675
2024-11-06,22250,22350,20000,20100,2686924,-0.0821917808219178
2024-11-07,19910,19970,18310,18920,3451817,-0.05870646766169152
2024-11-08,19150,20200,19090,19090,1548407,0.008985200845665897
2024-11-11,18770,19000,18290,18380,1170963,-0.037192247249869026
2024-11-12,18200,18400,17510,17730,1419361,-0.035364526659412365
2024-11-13,17500,17960,17130,17130,1113447,-0.03384094754653133
2024-11-14,17130,17500,16560,17500,1309171,0.021599532983070713
2024-11-15,17760,18250,16660,17040,1455806,-0.026285714285714246
2024-11-18,17000,17920,16710,17600,1106922,0.032863849765258246
2024-11-19,17600,18190,17300,17350,1221580,-0.014204545454545414
2024-11-20,17360,17520,17050,17080,713970,-0.015561959654178725
2024-11-21,17100,17270,16830,16830,1060567,-0.014637002341920335
2024-11-22,16940,17160,16570,16590,1514250,-0.014260249554367221
2024-11-25,16610,18360,16610,16820,14038200,0.013863773357444265
2024-11-26,17160,17700,16950,17670,3068011,0.05053507728894169
2024-11-27,17480,17970,16910,16920,1428156,-0.04244482173174868
2024-11-28,16950,17430,16880,17090,888783,0.010047281323877
2024-11-29,17210,17210,16220,16220,1950844,-0.050906963136337025
2024-12-02,16500,17140,16390,16390,1368906,0.010480887792848392
2024-12-03,16870,17480,16840,17260,1709726,0.05308114704087852
2024-12-04,16900,17900,16820,17510,2373070,0.014484356894553851
2024-12-05,17350,17380,16150,16150,2265204,-0.07766990291262132
2024-12-06,16160,16530,15510,15890,1723986,-0.01609907120743037
2024-12-09,15400,15540,14860,14860,1784306,-0.06482064191315295
2024-12-10,15040,16460,15040,16330,2016305,0.0989232839838492
2024-12-11,16350,16900,16210,16430,783522,0.006123698714023185
2024-12-12,16820,16920,16340,16760,1496768,0.020085209981740793
2024-12-13,16740,17220,16480,16850,1163003,0.005369928400954738
2024-12-16,17350,17790,16850,16930,1256193,0.004747774480712064
2024-12-17,17080,17290,16480,16540,953146,-0.02303603071470761
2024-12-18,16690,16830,16350,16410,582207,-0.007859733978234584
2024-12-19,16080,16170,15820,15980,606105,-0.026203534430225495
2024-12-20,15940,15970,15370,15530,898605,-0.02816020025031285
2024-12-23,15750,15920,15450,15760,575510,0.01481004507405026
2024-12-24,15900,16320,15820,15840,622956,0.0050761421319796
2024-12-26,16080,16520,15810,15960,1105680,0.007575757575757569
2024-12-27,15960,15980,15220,15450,880515,-0.03195488721804507
2024-12-30,15220,16420,15220,16120,1059885,0.0433656957928803
2025-01-02,16210,16430,16020,16150,845879,0.0018610421836229296
2025-01-03,16470,18350,16380,17880,6915309,0.10712074303405572
2025-01-06,17910,18200,17410,17940,2065725,0.003355704697986628
2025-01-07,18250,18390,17730,17770,1534971,-0.009476031215161607
2025-01-08,17840,18210,17540,17750,1318609,-0.0011254924029262536
2025-01-09,17520,17830,17170,17640,1399152,-0.006197183098591519
2025-01-10,17680,19000,17680,18560,4931445,0.05215419501133778
2025-01-13,18560,18620,18020,18140,1493543,-0.022629310344827624
2025-01-14,18130,18490,18120,18150,1022040,0.0005512679162071876
2025-01-15,18270,18470,17890,17890,1316752,-0.014325068870523427
2025-01-16,18280,20900,18240,20650,7803131,0.1542761319172723
2025-01-17,20650,21350,20200,21200,4532870,0.026634382566586012
2025-01-20,21150,21150,20350,20650,2180974,-0.02594339622641506
